2.597754809086676511e-02
3.402867015653152777e-02
4.180352293003408021e-02
4.979717357370382763e-02
5.861674145708720141e-02
6.870373797272420757e-02
8.055873234316492104e-02
9.474610466707678036e-02
1.106920934570724963e-01
1.287863245372014021e-01
1.478039605764221165e-01
1.687063239562614503e-01
1.897527345884207628e-01
2.104251065756813643e-01
2.316573927485964801e-01
2.509675263576128246e-01
2.679829595016600674e-01
2.846602538126946080e-01
2.994555494805518636e-01
3.119547426119227973e-01
3.232517879559460017e-01
3.350685777887384420e-01
3.444018679357952473e-01
3.531601642261400498e-01
3.606936261332774341e-01
3.662612943918318043e-01
3.729294073854220182e-01
3.791779269133054853e-01
3.833179158334609204e-01
3.875766422312488801e-01
3.913677835659878368e-01
3.942587766131592231e-01
3.968792263884359239e-01
3.995046585344020351e-01
4.010091009660433081e-01
4.026526770042369585e-01
4.036609440766534829e-01
4.052032508231793728e-01
4.062125857219038849e-01
4.080675934288788276e-01
4.095771229711848149e-01
4.111659399458675312e-01
4.127122543299119317e-01
4.144805703495860194e-01
4.151143756406833751e-01
4.154818389349488883e-01
4.153557155290378278e-01
4.159221286233454329e-01
4.174101071143990205e-01
4.176290337941281905e-01
4.181845204288229811e-01
4.189305584131809423e-01
4.198245180286829248e-01
4.200218472360098265e-01
4.213137725819979806e-01
4.201926245833773610e-01
4.211859445482316056e-01
4.210956015439092925e-01
4.210568168768285546e-01
4.212954612629130624e-01
4.224096165970970262e-01
4.219621265686679945e-01
4.226996405749130492e-01
4.235904894302071622e-01
4.235592248528659010e-01
4.241538875109707729e-01
4.244827919690659646e-01
4.251654891476755460e-01
4.240382430896669774e-01
4.239770443938123967e-01
4.264402601459268416e-01
4.268603864640590495e-01
4.267136363280136790e-01
4.272477253711827738e-01
4.274550272715939014e-01
4.274623877882590683e-01
4.276608321891871012e-01
4.270920680050512841e-01
4.278916217927911658e-01
4.279965401567655814e-01
4.271346211837370732e-01
4.282763260909482339e-01
4.285329073301809566e-01
4.294577194415323262e-01
4.292085330448329739e-01
4.293961980582775007e-01
4.282932504223871395e-01
4.283845117650172951e-01
4.291781188956958482e-01
4.296364000044148312e-01
4.295907281100296848e-01
4.302435641357003071e-01
4.297229654552424116e-01
4.301974230007413746e-01
4.313344783029274265e-01
4.299960612754226696e-01
4.304336510445024855e-01
4.306295102457453061e-01
4.312797319142366859e-01
4.310248118720795829e-01
