1.691561349900414304e-02
2.039822256291232844e-02
1.965734164439278397e-02
2.186545748600188244e-02
2.856442109082738337e-02
3.786161042770053164e-02
3.940745434120411506e-02
4.993060547056314691e-02
3.772367112176362725e-02
4.361043379483121873e-02
4.544180222577926670e-02
5.306011341031842410e-02
6.163149941876767263e-02
5.142870877283137188e-02
6.975649070279033026e-02
5.690973375574959886e-02
6.722017537190383418e-02
8.288394986920659402e-02
9.279429560085800111e-02
1.106753147711172502e-01
8.747894445493246962e-02
1.150379808026091438e-01
8.780918457211413231e-02
1.233333665837841181e-01
1.410875911427340590e-01
1.517093194200728468e-01
1.341059720325448457e-01
1.755771901278222469e-01
2.291432203716384508e-01
1.702607094165638213e-01
1.903562585568545629e-01
1.794864302807931133e-01
2.716950770781780822e-01
2.968102500236262098e-01
3.617382908212417036e-01
3.780311554103759630e-01
3.704937002778608823e-01
3.921454269707240203e-01
3.656202015125631366e-01
3.682376059964681536e-01
3.483890487916628809e-01
3.678347663476704277e-01
4.055555155599623318e-01
3.237704684128566712e-01
2.855435703454237695e-01
3.479815746627070716e-01
4.321279889337011348e-01
4.414663836941597475e-01
4.008374797959152747e-01
3.921342203948954830e-01
3.445816777381248142e-01
3.132422746245405176e-01
3.498873753625118543e-01
4.253863804774508095e-01
3.682523910943948930e-01
4.326860163029012107e-01
4.587342581083021509e-01
4.503807213814392529e-01
4.602436910950784554e-01
3.961757766277011483e-01
4.062242854092523725e-01
4.213553171516920548e-01
3.884402907483108236e-01
4.772024095293803669e-01
4.552066954295946877e-01
4.163929675695620669e-01
4.028891298575814628e-01
4.136597297075775836e-01
4.113844445125157123e-01
4.167481805926908089e-01
4.179557145087721692e-01
5.104335901763922267e-01
4.455231989802554415e-01
4.562728846959875351e-01
5.304141871568197608e-01
4.918467998699438959e-01
4.927146227206940510e-01
4.495870467112985658e-01
4.518731624486300724e-01
4.179810378830365880e-01
4.153526591982361627e-01
3.862878001750004175e-01
4.893448514120967152e-01
4.349818578831033955e-01
4.554071574545943690e-01
4.386603225634532199e-01
4.273450041918058218e-01
3.645411187158580923e-01
4.140838319977697135e-01
3.866715944402078220e-01
4.127802776314334343e-01
4.342309303102996343e-01
4.468086083307201695e-01
4.276385148436434580e-01
4.748705131576811955e-01
3.987711306734857408e-01
4.157048952849404788e-01
3.985450811493004841e-01
4.161303822678263376e-01
4.455307741315314152e-01
