2.358660371632807229e-01
2.878916677709354999e-01
3.338548511578871558e-01
3.756868988813656385e-01
4.155888881995862261e-01
4.488707330553814434e-01
4.820883816769053754e-01
5.120852226084630088e-01
5.406343038612616558e-01
5.635269069578757728e-01
5.828809025156470591e-01
5.997068817938495666e-01
6.135700684476325106e-01
6.254385126668240424e-01
6.367558756362938777e-01
6.452868649257051947e-01
6.532154968905591330e-01
6.601030646128105417e-01
6.658226740369131980e-01
6.700411587712610251e-01
6.734050855199187335e-01
6.769321045388383418e-01
6.795713824703679684e-01
6.827840459380165594e-01
6.850686600545601301e-01
6.875629695011866716e-01
6.899378133510807309e-01
6.919596800804825865e-01
6.934370073704401172e-01
6.948027940615618681e-01
6.962036303947451987e-01
6.980935100368350632e-01
6.993855804966995215e-01
7.008634305328957925e-01
7.018053666871935103e-01
7.028715178771787198e-01
7.037086177669193976e-01
7.044681111485029401e-01
7.052957727456454773e-01
7.059790930569013190e-01
7.074248533684381890e-01
7.081732951264870790e-01
7.088722838809141669e-01
7.097099765455320286e-01
7.106207843877732078e-01
7.110858531945367655e-01
7.118593049126499261e-01
7.124432813492151961e-01
7.130592628116039222e-01
7.135880457260145304e-01
7.140956970458353092e-01
7.146748519748316042e-01
7.151089665486988212e-01
7.152488466249725674e-01
7.157256216953435946e-01
7.165101363562180747e-01
7.171944946382919905e-01
7.177913781275707672e-01
7.182096441506938822e-01
7.185502227482483129e-01
7.189305198811328790e-01
7.195691998423063840e-01
7.199204266436363131e-01
7.200961559838762183e-01
7.202197035191384433e-01
7.206726069062601159e-01
7.212824029843717399e-01
7.220391769918143021e-01
7.223159729846803101e-01
7.225006952420758299e-01
7.228768916678895984e-01
7.230712563640724344e-01
7.233555907280883046e-01
7.238205703148875569e-01
7.241012532195554297e-01
7.244091968557834216e-01
7.246254315388839240e-01
7.248668065762501334e-01
7.250869095690073429e-01
7.253980454559953994e-01
7.255362302825831833e-01
7.258918636735205432e-01
7.261026963333254702e-01
7.266574385364981126e-01
7.270310819557851412e-01
7.274000193996251751e-01
7.275272404902126677e-01
7.277476497981559822e-01
7.278920445213242774e-01
7.280690487757478513e-01
7.283577910603643568e-01
7.286134700741327963e-01
7.289948263757404234e-01
7.294817521157856977e-01
7.296733992564727878e-01
7.299725556277389948e-01
7.300535595580723847e-01
7.302864475480063122e-01
7.306336084601063874e-01
7.308441938865157805e-01
