1.049902484100562056e-01
1.049902484100562056e-01
1.049902484100562056e-01
1.049902484100562056e-01
2.247519753435813505e-01
3.180034311752472642e-01
3.180034311752472642e-01
3.180034311752472642e-01
3.180034311752472642e-01
3.180034311752472642e-01
3.180034311752472642e-01
3.180034311752472642e-01
4.163178454993025635e-01
4.163178454993025635e-01
4.163178454993025635e-01
4.163178454993025635e-01
4.163178454993025635e-01
4.202484704495511036e-01
4.202484704495511036e-01
4.202484704495511036e-01
4.202484704495511036e-01
7.235204252698269611e-01
7.235204252698269611e-01
7.235204252698269611e-01
7.235204252698269611e-01
7.235204252698269611e-01
7.235204252698269611e-01
7.235204252698269611e-01
7.235204252698269611e-01
7.235204252698269611e-01
7.235204252698269611e-01
7.235204252698269611e-01
7.235204252698269611e-01
7.235204252698269611e-01
7.235204252698269611e-01
7.235204252698269611e-01
7.235204252698269611e-01
7.235204252698269611e-01
7.235204252698269611e-01
7.235204252698269611e-01
7.235204252698269611e-01
7.235204252698269611e-01
7.235204252698269611e-01
7.235204252698269611e-01
7.235204252698269611e-01
7.235204252698269611e-01
7.235204252698269611e-01
7.235204252698269611e-01
7.235204252698269611e-01
7.235204252698269611e-01
7.235204252698269611e-01
7.235204252698269611e-01
7.235204252698269611e-01
7.235204252698269611e-01
7.235204252698269611e-01
7.235204252698269611e-01
7.235204252698269611e-01
7.235204252698269611e-01
7.235204252698269611e-01
7.235204252698269611e-01
7.235204252698269611e-01
7.235204252698269611e-01
7.235204252698269611e-01
7.235204252698269611e-01
7.235204252698269611e-01
7.235204252698269611e-01
7.235204252698269611e-01
7.235204252698269611e-01
7.235204252698269611e-01
7.235204252698269611e-01
7.235204252698269611e-01
7.235204252698269611e-01
7.235204252698269611e-01
7.235204252698269611e-01
7.235204252698269611e-01
7.235204252698269611e-01
7.235204252698269611e-01
7.235204252698269611e-01
7.235204252698269611e-01
7.235204252698269611e-01
7.235204252698269611e-01
7.235204252698269611e-01
7.235204252698269611e-01
7.235204252698269611e-01
7.235204252698269611e-01
7.235204252698269611e-01
7.235204252698269611e-01
7.235204252698269611e-01
7.235204252698269611e-01
7.235204252698269611e-01
7.235204252698269611e-01
7.235204252698269611e-01
7.235204252698269611e-01
7.235204252698269611e-01
7.235204252698269611e-01
7.235204252698269611e-01
7.235204252698269611e-01
7.235204252698269611e-01
7.235204252698269611e-01
7.235204252698269611e-01
