6.380438686460339348e-02
1.460961037775786175e-01
1.935578790335830135e-01
2.246233528397822699e-01
2.276995858262460259e-01
2.427928858655452049e-01
2.449480788453833879e-01
2.449480788453833879e-01
2.449480788453833879e-01
2.406149014360424790e-02
6.827741085271483990e-02
1.832410007374148109e-01
2.926300695339143498e-01
3.470629210992813296e-01
3.608865108179959424e-01
3.747788127558512872e-01
3.747788127558512872e-01
3.747788127558512872e-01
3.747788127558512872e-01
2.607958471799887157e-02
1.135236015676323595e-01
2.632216082602599205e-01
4.240696433226364137e-01
4.737208892287596562e-01
4.764859587946498332e-01
4.910469244216677520e-01
4.936127015398182882e-01
4.937962775667323889e-01
4.937962775667323889e-01
2.730049064044674789e-02
1.072362192334426617e-01
2.705764034465973911e-01
4.156875752823597225e-01
4.976040443867165153e-01
5.013837094261680560e-01
5.610904074336038327e-01
5.610904074336038327e-01
5.610904074336038327e-01
5.610904074336038327e-01
3.266422894345093891e-02
1.219233687415774564e-01
2.495406679835914798e-01
4.471369287608058518e-01
5.737672124127080053e-01
6.189821777635969857e-01
6.555730795400446231e-01
6.555730795400446231e-01
6.555730795400446231e-01
6.555730795400446231e-01
2.482846759280141202e-02
1.102303452037646653e-01
3.036679374250261798e-01
4.571951041065379640e-01
5.975938951220630679e-01
6.482722364144251070e-01
6.620759854541624634e-01
6.620759854541624634e-01
6.620759854541624634e-01
6.620759854541624634e-01
1.822363836879510243e-02
8.708595785627747110e-02
2.442145607754056535e-01
4.361949881911311722e-01
5.321874218526204681e-01
5.508249218432632599e-01
5.849286442766549188e-01
5.849286442766549188e-01
5.849286442766549188e-01
5.849286442766549188e-01
3.742529112284313786e-02
1.630114934972534957e-01
3.214367847455417149e-01
4.821006288600729883e-01
5.760001221483111999e-01
6.199596661680203402e-01
6.613709132872322982e-01
6.613709132872322982e-01
6.613709132872322982e-01
6.613709132872322982e-01
4.000352422920241957e-02
1.315418375400608797e-01
3.375308392351819564e-01
5.067024174078305077e-01
6.220035027273653760e-01
6.850202061708143830e-01
7.309231551385129144e-01
7.309231551385129144e-01
7.309231551385129144e-01
7.309231551385129144e-01
2.800630550006406524e-02
1.321281364331389208e-01
3.195189878735384958e-01
5.330877673944756090e-01
6.729873340808520954e-01
7.191489285130024944e-01
7.467564265924770961e-01
7.467564265924770961e-01
7.467564265924770961e-01
7.467564265924770961e-01
3.753727797910752506e-02
