8.066076251929378549e-02
1.758852829099957216e-01
2.496843413154823665e-01
2.916463080482982195e-01
3.110207982377977687e-01
3.186600186418436786e-01
3.213213032846012895e-01
3.220576462145992025e-01
3.222558907591300259e-01
1.744424188933402925e-02
9.081086235114485539e-02
2.013131267525692658e-01
2.930184208934560885e-01
3.477289726541781256e-01
3.743340845851270138e-01
3.851708203301441036e-01
3.889361663005689862e-01
3.900175395144600543e-01
3.902979355705211151e-01
1.942062482584989980e-02
9.949819385161866314e-02
2.213539338857953287e-01
3.240008804086241256e-01
3.865389203195754853e-01
4.167972327003768296e-01
4.291232850535550147e-01
4.335280266778389624e-01
4.348608482830985111e-01
4.351891249586040677e-01
2.152790768385019760e-02
1.088715997080038772e-01
2.420007458463986627e-01
3.542589587655384786e-01
4.226470715106439568e-01
4.550336704645063235e-01
4.682074653279992837e-01
4.727142362744272686e-01
4.741216146553235422e-01
4.744235769363341348e-01
2.416538449867025595e-02
1.194704639471492608e-01
2.638783460230404443e-01
3.859999419228858364e-01
4.585715399724143992e-01
4.925128426557974226e-01
5.061495451466611062e-01
5.108157929868493152e-01
5.121662021120388930e-01
5.124774552320480181e-01
2.704308191151461732e-02
1.310981386416586181e-01
2.865646033422966643e-01
4.171682158467466262e-01
4.937578325198179185e-01
5.292482277182457562e-01
5.434992758705782245e-01
5.483417911299998115e-01
5.497496702326202245e-01
5.500385428385411446e-01
3.047831505672565430e-02
1.433278873140898801e-01
3.100931583139928671e-01
4.481227367751940416e-01
5.282500315327836038e-01
5.644788869823100796e-01
5.789489176391611203e-01
5.838197595550705943e-01
5.851656799057338709e-01
5.854332344973166569e-01
3.433724903191721911e-02
1.566329750884373484e-01
3.344473797431291584e-01
4.797099866891157971e-01
5.621977110769654784e-01
5.993909632060536730e-01
6.141395291068745266e-01
6.189135640707578156e-01
6.203304777436936535e-01
6.206234902696593503e-01
3.792647381823559954e-02
1.686750741788108354e-01
3.542859108198823659e-01
5.062366475161388379e-01
5.911569303704466982e-01
6.289450022164910781e-01
6.436518271208233610e-01
6.485639901772135563e-01
6.498427842496862228e-01
6.501094990288356357e-01
4.073080888117400211e-02
1.787244282813334750e-01
3.728580665393364524e-01
5.289332563168998025e-01
6.154258290288810995e-01
6.535261184939494816e-01
6.683494791143520519e-01
6.732420714811893081e-01
6.745358817301009280e-01
6.747910942895857245e-01
4.357698052074218675e-02
