4.381526161190679169e-01
6.768719179392627128e-01
8.195824251663954563e-01
8.842137566073883237e-01
9.103326704463430286e-01
9.191868417104557265e-01
9.228057611946993699e-01
9.239178527206615144e-01
9.241468947379013477e-01
2.007793565823272064e-01
5.165725076804442706e-01
7.724312182427623963e-01
8.981095133738872249e-01
9.442422244329436998e-01
9.595488786974417650e-01
9.639901375388084670e-01
9.658806698880809671e-01
9.664656012957241193e-01
9.664744184453735176e-01
2.275934183174591896e-01
5.793139128172616337e-01
8.381129517598379097e-01
9.396565221289121528e-01
9.694406509135081729e-01
9.773894963167997219e-01
9.803885361115928232e-01
9.810852035124882908e-01
9.811655964087453441e-01
9.811655964087453441e-01
2.588335559097518779e-01
6.445832776667855812e-01
8.815253156415250313e-01
9.610072221700556305e-01
9.804237253951417763e-01
9.853690299437899425e-01
9.870187741078596533e-01
9.877429604054497325e-01
9.878116719955706282e-01
9.878116719955706282e-01
2.946812454916831747e-01
6.974777123407496227e-01
9.145050539383322574e-01
9.722288652960457966e-01
9.857539088918021442e-01
9.893453902962919821e-01
9.901109753134511582e-01
9.906759892936845002e-01
9.906805497556777640e-01
9.906805497556777640e-01
3.267049191340202219e-01
7.431129980214274955e-01
9.340456289704512916e-01
9.795276212406329730e-01
9.886206319551512633e-01
9.909836852307259969e-01
9.915804558120533407e-01
9.920927447655080167e-01
9.920995202049563977e-01
9.920995202049563977e-01
3.672899908989771256e-01
7.879277668674351531e-01
9.508595745962358237e-01
9.847436988676787628e-01
9.912611674750645419e-01
9.927585395896060261e-01
9.932699335635015725e-01
9.937035060192305203e-01
9.937102814586789012e-01
9.937102814586789012e-01
4.093508413824741843e-01
8.197143151847132714e-01
9.610055721895439662e-01
9.872874601568153441e-01
9.920104570303727165e-01
9.935365558739196468e-01
9.939202209992287207e-01
9.942032454201800151e-01
9.942078058821732789e-01
9.942078058821732789e-01
4.454303408980420653e-01
8.468697574651962157e-01
9.673605581279316468e-01
9.888730436317344497e-01
9.928096898104257217e-01
9.941087952839386954e-01
9.944942024870578878e-01
9.946722992092560389e-01
9.946768596712493027e-01
9.946768596712493027e-01
4.635388243589026458e-01
8.612313152680551864e-01
9.724757233719998339e-01
9.906516774244508161e-01
9.934978308251988244e-01
9.947676166262438002e-01
9.950291864904413641e-01
9.951766993838937481e-01
9.951812598458871229e-01
9.951812598458871229e-01
4.906351336540279440e-01
