8.101393322664374175e-02
1.762059065413452141e-01
2.500622752708041574e-01
2.920387130882755589e-01
3.111618309741545074e-01
3.187888587137528984e-01
3.214024317766332461e-01
3.220865058078197785e-01
3.222960016757721591e-01
3.223437490243393211e-01
3.223533766122553823e-01
3.223558447396928650e-01
3.223563213195181354e-01
3.223563213195181354e-01
3.223563213195181354e-01
3.223563213195181354e-01
3.223563213195181354e-01
3.223563213195181354e-01
3.223563213195181354e-01
3.223563213195181354e-01
3.223563213195181354e-01
3.223563213195181354e-01
3.223563213195181354e-01
3.223563213195181354e-01
3.223563213195181354e-01
3.223563213195181354e-01
3.223563213195181354e-01
3.223563213195181354e-01
3.223563213195181354e-01
3.223563213195181354e-01
3.223563213195181354e-01
3.223563213195181354e-01
3.223563213195181354e-01
3.223563213195181354e-01
3.223563213195181354e-01
3.223563213195181354e-01
3.223563213195181354e-01
3.223563213195181354e-01
3.223563213195181354e-01
3.223563213195181354e-01
3.223563213195181354e-01
3.223563213195181354e-01
3.223563213195181354e-01
3.223563213195181354e-01
3.223563213195181354e-01
3.223563213195181354e-01
3.223563213195181354e-01
3.223563213195181354e-01
3.223563213195181354e-01
3.223563213195181354e-01
3.223563213195181354e-01
3.223563213195181354e-01
3.223563213195181354e-01
3.223563213195181354e-01
3.223563213195181354e-01
3.223563213195181354e-01
3.223563213195181354e-01
3.223563213195181354e-01
3.223563213195181354e-01
3.223563213195181354e-01
3.223563213195181354e-01
3.223563213195181354e-01
3.223563213195181354e-01
3.223563213195181354e-01
3.223563213195181354e-01
3.223563213195181354e-01
3.223563213195181354e-01
3.223563213195181354e-01
3.223563213195181354e-01
3.223563213195181354e-01
3.223563213195181354e-01
3.223563213195181354e-01
3.223563213195181354e-01
3.223563213195181354e-01
3.223563213195181354e-01
3.223563213195181354e-01
3.223563213195181354e-01
3.223563213195181354e-01
3.223563213195181354e-01
3.223563213195181354e-01
3.223563213195181354e-01
3.223563213195181354e-01
3.223563213195181354e-01
3.223563213195181354e-01
3.223563213195181354e-01
3.223563213195181354e-01
3.223563213195181354e-01
3.223563213195181354e-01
3.223563213195181354e-01
3.223563213195181354e-01
3.223563213195181354e-01
3.223563213195181354e-01
3.223563213195181354e-01
3.223563213195181354e-01
3.223563213195181354e-01
3.223563213195181354e-01
3.223563213195181354e-01
3.223563213195181354e-01
3.223563213195181354e-01
3.223563213195181354e-01
