5.598507456089719253e-02
1.487521243071621424e-01
2.174341799300306965e-01
2.961810381523866664e-01
3.003880689350694189e-01
3.003880689350694189e-01
3.003880689350694189e-01
3.003880689350694189e-01
3.003880689350694189e-01
3.003880689350694189e-01
3.003880689350694189e-01
3.003880689350694189e-01
3.003880689350694189e-01
3.003880689350694189e-01
3.003880689350694189e-01
3.003880689350694189e-01
3.003880689350694189e-01
3.003880689350694189e-01
3.003880689350694189e-01
3.003880689350694189e-01
3.003880689350694189e-01
3.003880689350694189e-01
3.003880689350694189e-01
3.003880689350694189e-01
3.003880689350694189e-01
3.003880689350694189e-01
3.003880689350694189e-01
3.003880689350694189e-01
3.003880689350694189e-01
3.003880689350694189e-01
3.003880689350694189e-01
3.003880689350694189e-01
3.003880689350694189e-01
3.003880689350694189e-01
3.003880689350694189e-01
3.003880689350694189e-01
3.003880689350694189e-01
3.003880689350694189e-01
3.003880689350694189e-01
3.003880689350694189e-01
3.003880689350694189e-01
3.003880689350694189e-01
3.003880689350694189e-01
3.003880689350694189e-01
3.003880689350694189e-01
3.003880689350694189e-01
3.003880689350694189e-01
3.003880689350694189e-01
3.003880689350694189e-01
3.003880689350694189e-01
3.003880689350694189e-01
3.003880689350694189e-01
3.003880689350694189e-01
3.003880689350694189e-01
3.003880689350694189e-01
3.003880689350694189e-01
3.003880689350694189e-01
3.003880689350694189e-01
3.003880689350694189e-01
3.003880689350694189e-01
3.003880689350694189e-01
3.003880689350694189e-01
3.003880689350694189e-01
3.003880689350694189e-01
3.003880689350694189e-01
3.003880689350694189e-01
3.003880689350694189e-01
3.003880689350694189e-01
3.003880689350694189e-01
3.003880689350694189e-01
3.003880689350694189e-01
3.003880689350694189e-01
3.003880689350694189e-01
3.003880689350694189e-01
3.003880689350694189e-01
3.003880689350694189e-01
3.003880689350694189e-01
3.003880689350694189e-01
3.003880689350694189e-01
3.003880689350694189e-01
3.003880689350694189e-01
3.003880689350694189e-01
3.003880689350694189e-01
3.003880689350694189e-01
3.003880689350694189e-01
3.003880689350694189e-01
3.003880689350694189e-01
3.003880689350694189e-01
3.003880689350694189e-01
3.003880689350694189e-01
3.003880689350694189e-01
3.003880689350694189e-01
3.003880689350694189e-01
3.003880689350694189e-01
3.003880689350694189e-01
3.003880689350694189e-01
3.003880689350694189e-01
3.003880689350694189e-01
3.003880689350694189e-01
3.003880689350694189e-01
