4.452049985652207220e-01
6.814847241421618795e-01
8.250869426008045071e-01
8.875910702238070105e-01
9.105836870305099584e-01
9.193159753965390868e-01
9.226445860738982097e-01
9.234202907116263459e-01
9.237719253314656820e-01
9.239170884599123834e-01
9.239725644274383587e-01
9.239725644274383587e-01
9.239725644274383587e-01
9.239725644274383587e-01
9.239725644274383587e-01
9.239725644274383587e-01
9.239725644274383587e-01
9.239725644274383587e-01
9.239725644274383587e-01
9.239725644274383587e-01
9.239725644274383587e-01
9.239725644274383587e-01
9.239725644274383587e-01
9.239725644274383587e-01
9.239725644274383587e-01
9.239725644274383587e-01
9.239725644274383587e-01
9.239725644274383587e-01
9.239725644274383587e-01
9.239725644274383587e-01
9.239725644274383587e-01
9.239725644274383587e-01
9.239725644274383587e-01
9.239725644274383587e-01
9.239725644274383587e-01
9.239725644274383587e-01
9.239725644274383587e-01
9.239725644274383587e-01
9.239725644274383587e-01
9.239725644274383587e-01
9.239725644274383587e-01
9.239725644274383587e-01
9.239725644274383587e-01
9.239725644274383587e-01
9.239725644274383587e-01
9.239725644274383587e-01
9.239725644274383587e-01
9.239725644274383587e-01
9.239725644274383587e-01
9.239725644274383587e-01
9.239725644274383587e-01
9.239725644274383587e-01
9.239725644274383587e-01
9.239725644274383587e-01
9.239725644274383587e-01
9.239725644274383587e-01
9.239725644274383587e-01
9.239725644274383587e-01
9.239725644274383587e-01
9.239725644274383587e-01
9.239725644274383587e-01
9.239725644274383587e-01
9.239725644274383587e-01
9.239725644274383587e-01
9.239725644274383587e-01
9.239725644274383587e-01
9.239725644274383587e-01
9.239725644274383587e-01
9.239725644274383587e-01
9.239725644274383587e-01
9.239725644274383587e-01
9.239725644274383587e-01
9.239725644274383587e-01
9.239725644274383587e-01
9.239725644274383587e-01
9.239725644274383587e-01
9.239725644274383587e-01
9.239725644274383587e-01
9.239725644274383587e-01
9.239725644274383587e-01
9.239725644274383587e-01
9.239725644274383587e-01
9.239725644274383587e-01
9.239725644274383587e-01
9.239725644274383587e-01
9.239725644274383587e-01
9.239725644274383587e-01
9.239725644274383587e-01
9.239725644274383587e-01
9.239725644274383587e-01
9.239725644274383587e-01
9.239725644274383587e-01
9.239725644274383587e-01
9.239725644274383587e-01
9.239725644274383587e-01
9.239725644274383587e-01
9.239725644274383587e-01
9.239725644274383587e-01
9.239725644274383587e-01
9.239725644274383587e-01
